# DISCLAIMER: This is real-world data from a real estate company. I built a predictive model for them, and full permission was granted to publish and use this dataset for educational, demonstration, and portfolio purposes.

Zip,Price,Area,Room,Lon,Lat
1091,685000,64,3,4.907736,52.356157
1059,475000,60,3,4.850476,52.348586
1097,850000,109,4,4.944774,52.343782
1060,580000,128,6,4.789928,52.343712
1036,720000,138,5,4.902503,52.410538
1051,450000,53,2,4.875024,52.382228
1033,450000,87,3,4.896536,52.410585
1053,590000,80,2,4.871555,52.371041
1058,399000,49,3,4.854671,52.363471
1073,3.00E+05,33,2,4.897142,52.353111
1058,540000,69,3,4.851985,52.351244
1019,539000,88,3,4.942972,52.377442
1091,390000,45,3,4.908173,52.356446
1017,575000,70,2,4.897782,52.366928
1091,650000,86,3,4.909361,52.356532
1036,475000,105,5,4.900926,52.408311
1058,7.00E+05,102,6,4.85452,52.36209
1064,325000,78,3,4.829644,52.372068
1102,399000,100,3,4.949572,52.317294
1013,375000,52,3,4.872555,52.392426
1016,1625000,199,6,4.88583,52.374742
1072,575000,71,3,4.891161,52.351082
1062,6.00E+05,114,4,4.837666,52.362011
1095,525000,75,3,4.945438,52.361355
1034,350000,110,5,4.921574,52.408269
1035,350000,89,3,4.88516,52.423543
1083,575000,134,5,4.887858,52.332103
1056,375000,51,3,4.862875,52.373735
1065,1650000,235,7,4.820848,52.358631
1072,325000,37,2,4.889539,52.351732
1078,8.00E+05,98,3,4.900342,52.346366
1013,1950000,258,4,4.887444,52.385346
1076,735000,83,3,4.86109,52.344643
1054,3925000,319,7,4.875471,52.361571
1053,475000,74,3,4.865792,52.365372
1083,275000,31,2,4.883566,52.330963
1073,375000,47,2,4.899509,52.352717
1054,570000,63,3,4.85856,52.359929
1018,375000,43,2,4.921855,52.368922
1019,895000,163,6,4.93704,52.373016
1056,365000,49,3,4.854277,52.371899
1053,550000,62,3,4.874257,52.369627
1106,325000,91,4,4.987296,52.300656
1018,429000,50,3,4.907585,52.363609
1093,650000,120,4,4.924306,52.36344
1056,350000,55,3,4.847389,52.373198
1095,475000,79,3,4.942841,52.362693
1104,325000,99,3,4.981149,52.314
1064,425000,82,3,4.83186,52.364372
1024,350000,77,4,4.948371,52.392858
1062,350000,81,3,4.837764,52.363887
1068,375000,93,4,4.815101,52.356914
1013,450000,73,3,4.877698,52.388468
1017,1185000,160,5,4.892374,52.363383
1034,385000,74,3,4.91913,52.406915
1075,687500,86,4,4.855875,52.352448
1035,585000,52,4,4.891858,52.42145
1011,1295000,145,5,4.89952,52.367261
1055,375000,61,3,4.851777,52.379483
1095,5.00E+05,86,4,4.944196,52.366168
1024,3.00E+05,78,4,4.951093,52.393956
1056,375000,52,4,4.86106,52.376873
1078,850000,117,5,4.889851,52.347518
1054,550000,72,3,4.859628,52.359026
1024,275000,56,2,4.959199,52.395846
1055,330000,54,3,4.848563,52.381715
1095,7.00E+05,102,3,4.969203,52.372762
1107,245000,68,3,4.9688878,52.2923239
1067,375000,94,4,4.800745,52.379133
1025,335000,92,4,4.936896,52.394478
1072,450000,56,3,4.888332,52.349498
1107,395000,101,5,4.993551,52.292948
1052,3.00E+05,45,2,4.87065,52.37314
1095,450000,84,3,4.944032,52.365457
1057,415000,51,2,4.853803,52.366082
1017,650000,67,4,4.901713,52.360545
1013,425000,52,2,4.876149,52.390376
1015,469000,67,2,4.882743,52.382746
1018,485000,73,4,4.924634,52.368555
1055,225000,32,1,4.860857,52.380834
1052,285000,29,2,4.880046,52.384661
1016,995000,97,2,4.884982,52.369202
1018,1475000,220,5,4.920481,52.366984
1053,475000,60,3,4.868057,52.370073
1061,475000,124,5,4.837522,52.364821
1059,395000,56,2,4.848779,52.348138
1012,375000,47,2,4.896579,52.372127
1075,4.00E+05,37,2,4.855832,52.352385
1013,325000,42,2,4.879081,52.390874
1076,4.00E+05,53,3,4.864958,52.343986
1077,475000,80,3,4.868693,52.343328
1098,425000,68,3,4.944251,52.352317
1063,375000,101,3,4.819711,52.379837
1051,365000,47,2,4.871178,52.382031
1092,5.00E+05,67,3,4.926673,52.356043
1062,450000,92,3,4.835487,52.353658
1015,725000,95,3,4.886006,52.377377
1017,4550000,497,13,4.89862,52.358798
1103,225000,52,2,4.976804,52.325544
1056,375000,55,3,4.862201,52.373597
1051,495000,74,3,4.867549,52.384604
1017,475000,58,3,4.885902,52.363158
1017,450000,53,2,4.882472,52.365273
1078,475000,66,3,4.910224,52.347296
1058,475000,62,3,4.848941,52.351734
1068,345000,61,3,4.798199,52.362969
1062,369000,78,3,4.841525,52.35007
1107,320000,91,4,4.983191,52.294198
1021,465000,66,3,4.917899,52.386198
1012,340000,35,2,4.898311,52.373509
1106,375000,111,5,4.970987,52.301346
1091,595000,93,3,4.910003,52.356903
1019,525000,92,3,4.936101,52.371484
1069,245000,61,3,4.789682,52.355404
1024,275000,85,4,4.95037,52.399252
1018,575000,72,2,4.931839,52.369014
1107,250000,70,3,4.968806,52.291803
1019,975000,165,5,4.946186,52.373257
1052,375000,52,2,4.875248,52.376809
1096,1100000,159,5,4.919919,52.338283
1013,750000,102,3,4.877406,52.394832
1011,439000,55,3,4.90487,52.374978
1091,375000,57,2,4.91638,52.352165
1011,445000,66,3,4.909207,52.369475
1024,325000,77,4,4.947655,52.395417
1056,415000,57,2,4.865612,52.373199
1053,3.00E+05,43,2,4.868786,52.365466
1015,915000,88,5,4.887412,52.377742
1060,685000,183,6,4.7717,52.35337
1057,350000,50,3,4.85167,52.366405
1077,1025000,135,4,4.875881,52.347368
1018,895000,177,4,4.924895,52.373122
1058,350000,59,2,4.84399,52.362946
1063,265000,65,3,4.81787,52.383684
1066,5.00E+05,100,4,4.802122,52.346011
1107,295000,106,4,4.977496,52.295032
1077,1175000,159,7,4.873365,52.349164
1016,995000,113,3,4.888199,52.374321
1072,385000,54,2,4.889927,52.348587
1053,550000,89,4,4.870523,52.365141
1053,325000,40,2,4.862992,52.365
1102,225000,62,2,4.957403,52.309773
1083,395000,66,3,4.885793,52.324797
1067,425000,102,4,4.789341,52.380775
1016,525000,64,4,4.878779,52.368556
1065,8.00E+05,132,6,4.824867,52.35227
1068,4.00E+05,88,4,4.80651,52.359451
1024,250000,50,2,4.959052,52.3958
1051,360000,41,2,4.873624,52.382635
1095,1050000,154,4,4.968819,52.373001
1024,799000,230,8,4.961381,52.389087
1017,1700000,194,6,4.896542,52.360937
1082,825000,178,7,4.870427,52.324201
1063,290000,50,2,4.834901,52.378363
1015,469000,50,3,4.893043,52.37844
1017,625000,74,3,4.89965,52.366621
1018,1050000,149,8,4.904917,52.362949
1033,540000,79,4,4.88439,52.413734
1104,285000,96,4,4.972596,52.317512
1087,859000,168,3,5.016505,52.350556
1025,275000,63,2,4.93924,52.396536
1060,525000,153,6,4.778978,52.349265
1065,375000,73,4,4.826759,52.356709
1068,399500,89,2,4.807068,52.362692
1068,430000,103,4,4.807703,52.363646
1096,1300000,141,4,4.904363,52.333206
1082,1750000,130,3,4.872151,52.336348
1015,950000,109,4,4.879612,52.377871
1012,1450000,150,3,4.88987,52.370706
1104,285000,69,3,4.979002,52.318782
1055,3.00E+05,54,2,4.846858,52.384197
1081,1500000,166,4,4.857216,52.325762
1077,685000,107,4,4.868754,52.341846
1012,4495000,178,5,4.89429,52.373106
1035,989000,171,5,4.893261,52.419532
1027,765000,100,4,4.964853,52.409986
1083,9.00E+05,159,9,4.886918,52.323885
1098,665000,118,4,4.938738,52.356081
1017,2475000,183,4,4.897473,52.358943
1061,475000,98,4,4.83852,52.379072
1024,3.00E+05,78,4,4.950977,52.393821
1064,350000,103,4,4.809689,52.378
1091,450000,45,2,4.9064,52.358857
1066,6.00E+05,145,4,4.799931,52.334488
1051,350000,39,2,4.874462,52.38503
1058,595000,100,3,4.84313,52.359998
1053,335000,42,2,4.862224,52.364187
1077,1295000,154,4,4.867645,52.348806
1071,825000,103,3,4.885645,52.35602
1017,5950000,394,10,4.887378,52.365078
1108,325000,85,4,4.976098,52.308383
1069,450000,115,3,4.798695,52.352124
1012,1450000,125,2,4.891701,52.367182
1061,585000,99,3,4.835845,52.366451
1015,1200000,105,4,4.886034,52.379546
1071,1550000,153,5,4.88242,52.360824
1013,1250000,147,4,4.891955,52.38514
1015,998000,121,2,4.891161,52.378843
1057,395000,54,3,4.857567,52.370557
1017,935000,85,3,4.8887,52.365003
1018,1050000,63,3,4.90885,52.365524
1012,729000,110,5,4.90132,52.375059
1060,699000,130,5,4.788762,52.344183
1060,1500000,255,7,4.790343,52.345566
1087,4.00E+05,25,2,4.962333,52.362891
1055,550000,102,4,4.858163,52.379474
1016,950000,133,7,4.644819,52.37806
1071,975000,93,3,4.882903,52.354535
1068,295000,79,3,4.807977,52.357443
1067,350000,71,4,4.803337,52.378625
1096,685000,110,4,4.901539,52.333097
1058,1499000,245,8,4.854662,52.358204
1016,1275000,165,5,4.882122,52.366395
1017,375000,38,1,4.886109,52.363042
1015,1595000,199,6,4.888459,52.375994
1018,439000,48,2,4.917931,52.367418
1057,785000,95,5,4.861607,52.367915
1021,395000,68,3,4.920126,52.388122
1013,595000,78,3,4.893924,52.379828
1011,875000,117,3,4.906839,52.371272
1017,295000,29,2,4.887596,52.367946
1082,520000,80,2,4.872336,52.33033
1076,439000,57,3,4.862129,52.347398
1092,410000,66,4,4.920472,52.357987
1015,275000,23,1,4.877725,52.376041
1015,2450000,259,8,4.883278,52.375756
1051,350000,45,2,4.873726,52.382654
1091,1795000,158,6,4.912109,52.350755
1015,835000,120,5,4.88447,52.382635
1012,985000,111,5,4.890089,52.371683
1051,425000,56,2,4.943696,52.338795
1011,635000,58,3,4.907085,52.372907
1011,999500,151,3,4.907627,52.376281
1054,1050000,151,4,4.880571,52.362038
1069,225000,60,3,4.790457,52.35459
1077,1099000,165,5,4.875455,52.347348
1071,895000,103,3,4.885645,52.35602
1027,899000,258,1,4.967897,52.410672
1076,799000,146,5,4.858845,52.343402
1066,719000,129,4,4.802093,52.343737
1013,750000,119,6,4.890977,52.380642
1066,285000,37,2,4.807805,52.344914
1066,285000,37,2,4.807805,52.344914
1015,9.00E+05,111,2,4.887092,52.376105
1087,475000,93,3,5.009767,52.349453
1067,545000,110,4,4.789083,52.379219
1052,685000,94,3,4.873591,52.374016
1075,2200000,198,7,4.865847,52.353256
1017,650000,81,3,4.897432,52.366729
1032,1100011,207,5,4.90048,52.400948
1054,1200000,81,3,4.858004,52.3574
1028,1495000,214,5,5.029122,52.41355
1055,295000,47,2,4.860857,52.380834
1012,1.00E+06,117,4,4.892522,52.367449
1012,1150000,162,5,4.890591,52.375342
1018,2250000,250,8,4.915246,52.364132
1072,1350000,173,5,4.887183,52.355065
1072,1650000,232,9,4.887183,52.35502
1076,2750000,309,8,4.862413,52.349528
1086,1050000,216,7,4.979483,52.361333
1011,469000,90,3,4.903526,52.374705
1035,669000,107,5,4.89278,52.420465
1108,3.00E+05,71,2,4.976454,52.306326
1055,425000,49,2,4.852468,52.380663
1087,749000,150,5,4.909819096,52.36865325
1060,7.00E+05,186,8,4.786024,52.348087
1011,389000,30,2,4.906059,52.374085
1066,9.00E+05,187,6,4.797164,52.343623
1019,1750000,246,8,4.909819096,52.36865325
1102,275000,85,4,4.943931,52.321174
1075,3500000,374,7,4.857608,52.352366
1066,4.00E+05,79,3,4.826718,52.343893
1094,850000,110,2,4.936223,52.360906
1077,1700000,203,5,4.869966,52.349904
1017,2325000,150,6,4.896842,52.366965
1017,1495000,175,6,4.888094,52.368029
1019,549000,91,5,4.943456,52.376191
1071,1375000,115,3,4.881814,52.361226
1016,1250000,165,7,4.879978,52.374421
1013,5.00E+05,72,2,4.887619,52.381092
1033,575000,183,5,4.881542,52.41986
1017,2475000,183,3,4.897473,52.358943
1011,1425000,257,4,4.905372,52.373727
1071,1695000,117,3,4.876144,52.358928
1060,515000,130,4,4.7836987,52.3496214
1082,1095000,134,3,4.872859,52.335851
1071,2500000,202,6,4.876117,52.359763
1025,519900,120,5,4.937065,52.400905
1018,7.00E+05,88,5,4.902826,52.363883
1073,2650000,387,10,4.89935,52.355179
1078,1149000,141,6,4.891921,52.347409
1102,280000,93,4,4.95868,52.309724
1011,6.00E+05,129,4,4.905853,52.369804
1014,950000,94,1,4.886388,52.393577
1012,849000,120,3,4.893709,52.375387
1031,3680000,374,4,4.905695,52.385321
1057,850000,149,7,4.859626,52.365326
1073,750750,114,4,4.902864,52.349279
1012,1400000,213,7,4.897256,52.373343
1016,4900000,623,13,4.887869,52.371039
1027,899000,128,5,4.960756,52.409584
1027,895000,95,3,4.960756,52.409584
1027,1695000,467,14,4.97083,52.412038
1077,1085000,131,5,4.876231,52.347558
1065,3.00E+05,30,3,4.832087,52.354406
1011,649000,82,3,4.910725,52.370289
1011,785000,105,5,4.910725,52.370289
1065,565000,94,3,4.825673,52.361323
1035,1395000,133,3,4.898884,52.418864
1017,795000,102,3,4.884579,52.364626
1016,1200000,121,4,4.881097,52.368746
1017,995000,146,3,4.895233,52.365084
1017,775000,127,3,4.895121,52.361947
1027,1249000,258,5,4.967897,52.410672
1067,380000,100,4,4.80256,52.380679
1102,450000,120,5,4.956167,52.317822
1019,399000,66,2,4.923315,52.379524
1015,650000,102,3,4.877436,52.375551
1066,485000,109,1,4.817309,52.345051
1054,1599000,139,5,4.868596,52.361672
1069,950000,226,7,4.776234,52.349215
1066,629000,127,4,4.794478,52.338652
1023,359000,69,4,4.965813,52.381514
1095,419000,75,4,4.952089,52.36658
1102,250000,60,3,4.945909,52.320409
1106,320000,104,5,4.976237,52.296421
1015,3500000,348,8,4.889816,52.375532
1103,415000,115,4,4.961952,52.321743
1018,750000,124,5,4.918831,52.363292
1081,420000,73,3,4.859128,52.327841
1013,525000,63,3,4.892914,52.384794
1087,550000,107,4,4.997979,52.354825
1093,450000,60,4,4.928173,52.355788
1076,425000,54,3,4.861234,52.346145
1016,699000,108,6,4.878139,52.373119
1074,675000,95,3,4.906809,52.353645
1058,1150000,150,5,4.853623,52.360284
1014,1250000,131,4,4.878356,52.394101
1014,1450000,158,4,4.878463,52.394178
1018,240000,26,1,4.913448,52.370666
1069,345000,80,3,4.795934,52.350007
1016,425000,56,3,4.880816,52.37278
1102,250000,60,2,4.947171,52.325081
1092,485000,59,3,4.925675,52.358255
1054,1200000,166,5,4.872275,52.362146
1065,325000,71,4,4.827036,52.353376
1061,275000,39,2,4.839165,52.37701
1083,365000,78,3,4.886519,52.331919
1107,3.00E+05,84,4,4.991578,52.293948
1052,485000,67,3,4.874335,52.379574
1015,725000,87,4,4.881073,52.382434
1060,325000,87,3,4.788052,52.349876
1102,225000,61,3,4.945309,52.319741
1014,690000,100,3,4.881116,52.393955
1015,250000,28,1,4.877315,52.376658
1054,825000,114,3,4.866454,52.362822
1103,239000,53,3,4.977675,52.324231
1053,4.00E+05,49,2,4.872222,52.366766
1058,430000,58,3,4.849307,52.35303
1098,485000,65,3,4.940682,52.349698
1057,3.00E+05,44,2,4.85225,52.367037
1071,550000,61,3,4.884848,52.352502
1051,325000,41,2,4.867459,52.375562
1053,250000,29,2,4.872989,52.366428
1056,675000,109,3,4.8479,52.372221
1069,295000,91,4,4.795401,52.348468
1024,350000,92,3,4.954434,52.393227
1107,375000,98,5,4.990488,52.292974
1055,360000,53,2,4.860817,52.380045
1035,325000,85,4,4.901357,52.419916
1063,250000,61,2,4.812509,52.383676
1095,550000,102,3,4.945592,52.362164
1034,325000,76,3,4.910084,52.406722
1095,235000,26,2,4.944758,52.36173
1074,450000,56,2,4.904866,52.354123
1106,245000,71,3,4.98042,52.299114
1077,1400000,153,4,4.875155,52.346664
1031,650000,90,3,4.900901,52.386904
1059,465000,67,3,4.846172,52.351371
1077,735000,104,3,4.87459,52.347318
1074,675000,93,4,4.902853,52.358348
1061,425000,78,2,4.837463,52.376658
1013,635000,90,3,4.891367,52.389872
1053,3.00E+05,35,1,4.872597,52.366735
1104,375000,99,4,4.981355,52.320364
1072,3.00E+05,35,2,4.888159,52.351789
1072,910000,136,5,4.888188,52.3492
1082,385000,65,3,4.87989,52.331729
1053,775000,93,3,4.875949,52.366908
1097,349500,51,3,4.941752,52.339554
1055,375000,65,3,4.852493,52.377329
1051,325000,41,2,4.871342,52.383093
1102,295000,89,4,4.945355,52.323983
1055,345000,50,2,4.849011,52.384683
1068,325000,88,3,4.809676,52.361641
1107,245000,73,3,4.98366,52.294299
1072,650000,70,3,4.892242,52.354197
1056,450000,56,4,4.850735,52.370868
1104,525000,176,5,4.986145,52.316165
1068,315000,81,3,4.80824,52.357393
1032,5.00E+05,83,4,4.917034,52.395677
1013,285000,36,2,4.887419,52.388788
1012,6.00E+05,116,4,4.895989,52.373751
1015,425000,67,3,4.881551,52.376576
1103,225000,53,3,4.974337,52.324304
1058,440000,59,3,4.85128,52.359788
1019,450000,85,3,4.937516,52.370995
1013,425000,75,3,4.8814,52.388529
1102,230000,60,2,4.942778,52.320576
1018,395000,69,3,4.927419,52.369015
1019,550000,93,3,4.948159,52.377174
1102,350000,93,3,4.960086,52.318673
1025,335000,92,4,4.936689,52.394567
1034,3.00E+05,92,4,4.922975,52.410584
1106,270000,84,3,4.976048,52.29785
1022,675000,136,5,4.933513,52.407695
1051,450000,73,3,4.869487,52.378402
1074,450000,53,2,4.90355,52.353704
1031,549000,101,4,4.907913,52.388684
1102,265000,58,3,4.946436,52.326171
1016,395000,42,2,4.880279,52.369659
1021,275000,42,2,4.916345,52.383109
1057,4.00E+05,61,2,4.858697,52.370661
1097,450000,55,2,4.925792,52.344742
1012,395000,63,2,4.890125,52.371498
1013,335000,61,2,4.881952,52.389025
1093,425000,82,3,4.925735,52.364335
1051,325000,35,2,4.868498,52.381319
1055,590000,76,4,4.851989,52.381995
1013,345000,48,2,4.880745,52.388005
1033,398011,61,3,4.892619,52.413849
1018,9.00E+05,128,4,4.921707,52.366234
1063,4.00E+05,78,3,4.832758,52.384105
1077,825000,100,3,4.875925,52.347368
1095,415000,69,3,4.964407,52.373057
1074,685000,91,4,4.904866,52.354123
1057,610000,77,4,4.854361,52.368574
1024,295000,59,3,4.946534,52.394352
1093,339000,47,2,4.926678,52.36264
1068,310000,78,3,4.806801,52.364911
1106,395000,115,6,4.995049,52.2976
1094,335000,49,2,4.934237,52.364224
1064,275000,64,2,4.832681,52.372996
1055,425000,69,4,4.851176,52.383021
1103,225000,54,2,4.975727,52.326205
1063,5.00E+05,113,6,4.830151,52.383526
1104,6.00E+05,159,6,4.982447,52.315883
1051,3.00E+05,41,2,4.867456,52.375584
1065,350000,68,3,4.829034,52.36373
1060,475000,106,5,4.784425,52.345886
1034,510000,91,3,4.909786,52.401616
1102,225000,60,2,4.946485,52.319485
1018,545000,61,2,4.907725,52.365333
1017,550000,66,2,4.895062,52.361956
1102,225000,43,2,4.943668,52.317544
1106,320000,83,3,4.988144,52.299293
1055,360000,49,3,4.854243,52.379548
1021,475000,113,4,4.916194,52.382138
1056,425000,62,3,4.848229,52.375341
1082,395000,81,3,4.878726,52.325783
1102,265000,71,3,4.943523,52.319589
1102,230000,53,2,4.944301,52.320816
1032,750000,116,4,4.913949,52.392914
1054,1.00E+06,122,5,4.860517,52.358293
1073,825000,112,5,4.898909,52.353937
1077,425000,67,2,4.877222,52.344263
1094,369000,56,2,4.934903,52.360041
1091,3.00E+05,46,3,4.920288,52.353214
1032,389000,61,1,4.913147,52.399212
1065,3.00E+05,59,3,4.830106,52.363717
1078,8.00E+05,123,6,4.889777,52.347517
1095,6.00E+05,120,4,4.966154,52.375408
1024,3.00E+05,65,3,4.951253,52.394145
1076,415000,54,2,4.862373,52.345315
1024,325000,77,4,4.95118,52.394073
1025,775000,117,4,4.93174,52.391546
1087,750000,158,6,5.000973,52.353136
1092,650000,102,4,4.922217,52.355442
1095,6.00E+05,108,4,4.967326,52.371556
1052,325000,46,2,4.873501,52.377961
1094,385000,49,3,4.938408,52.365552
1016,875000,96,5,4.884002,52.367652
1015,5.00E+05,52,2,4.881809,52.379633
1023,9.00E+05,120,5,4.948739,52.386865
1034,350000,83,3,4.920989,52.403808
1108,350000,118,5,4.978704,52.305543
1059,450000,62,2,4.847484,52.350909
1068,325000,88,4,4.806863,52.362205
1063,2.00E+05,27,2,4.818173,52.38178
1056,575000,80,3,4.860112,52.372671
1068,325000,81,3,4.81015,52.353861
1074,4.00E+05,47,2,4.90153,52.355844
1019,365000,59,2,4.944414,52.368343
1067,350000,88,3,4.800286,52.380052
1065,3.00E+05,73,4,4.827023,52.354418
1104,375000,90,4,4.992035,52.316742
1091,415000,61,3,4.914021,52.358618
1064,3.00E+05,65,4,4.831964,52.371338
1057,625000,75,3,4.863344,52.370007
1107,315000,102,5,4.983162,52.294189
1052,325000,44,2,4.873179,52.377933
1053,370000,46,2,4.865067,52.369611
1021,298000,43,2,4.920012,52.386342
1094,375000,56,3,4.933659,52.364743
1063,325000,81,3,4.819431,52.382253
1095,325000,42,2,4.940171,52.364934
1052,375000,54,2,4.870127,52.372608
1063,295000,46,2,4.837695,52.383556
1013,375000,44,2,4.884769,52.384121
1067,295000,65,4,4.798255,52.378644
1087,275000,48,2,5.014044,52.350961
1078,345000,47,2,4.899374,52.347656
1055,5.00E+05,82,3,4.846047,52.37786
1057,390000,58,2,4.853953,52.365813
1093,4.00E+05,58,2,4.928824,52.363772
1104,250000,70,3,4.9685,52.316374
1073,625000,72,4,4.899724,52.355854
1087,550000,97,3,4.996295,52.359277
1019,585000,87,3,4.941549,52.377347
1107,425000,142,6,4.977631,52.291519
1025,3.00E+05,85,3,4.945566,52.403049
1052,3.00E+05,45,2,4.870505,52.372951
1107,275000,73,2,4.983209,52.29383
1013,525000,69,3,4.892282,52.384356
1058,725000,88,4,4.855145,52.361963
1013,350000,48,2,4.884769,52.384121
1068,275000,57,2,4.803983,52.355143
1066,450000,97,4,4.802374,52.342435
1057,325000,47,3,4.852015,52.364636
1015,425000,48,2,4.881348,52.380215
1081,3.00E+05,44,2,4.859323,52.324179
1106,330000,108,5,4.971123,52.297841
1102,215000,43,2,4.945155,52.324953
1053,695000,88,3,4.874092,52.367502
1018,750000,108,3,4.915967,52.368943
1087,4.00E+05,79,3,5.009082,52.351935
1052,585000,82,3,4.872665,52.374093
1091,395000,44,2,4.907275,52.358042
1024,250000,84,3,4.951827,52.399557
1057,725000,103,3,4.857291,52.370304
1069,275000,92,4,4.795583,52.348505
1018,7.00E+05,107,3,4.908421,52.364761
1104,260000,83,4,4.969802,52.316702
1107,275000,83,3,4.9688878,52.2923239
1056,535000,75,4,4.861328,52.372929
1061,465000,94,4,4.838028,52.377317
1054,490000,62,3,4.87487,52.363758
1067,375000,69,4,4.799561,52.37431
1058,425000,58,3,4.852231,52.361321
1103,265000,109,5,4.976731,52.325525
1057,425000,58,3,4.858639,52.369339
1024,525000,122,5,4.950277,52.396263
1059,625000,77,4,4.846204,52.349933
1067,380000,77,4,4.795007,52.375474
1077,950000,148,7,4.869544,52.345822
1053,350000,41,2,4.863282,52.363713
1065,325000,70,4,4.830209,52.363691
1053,550000,74,2,4.874332,52.369651
1025,3.00E+05,85,4,4.947646,52.402266
1033,245000,50,2,4.883861,52.417569
1096,230000,28,1,4.920676,52.338759
1057,395000,53,3,4.851991,52.365663
1072,365000,40,2,4.887941,52.35683
1072,698000,89,5,4.894517,52.351528
1068,495000,117,6,4.803386,52.364806
1062,375000,80,4,4.840015,52.363904
1068,375000,88,3,4.806525,52.359424
1086,1200000,231,8,4.979592,52.360578
1055,425000,71,3,4.855635,52.37986
1078,730000,89,3,4.88956,52.345979
1055,325000,48,4,4.849943,52.384166
1103,275000,78,3,4.972526,52.321871
1017,535000,67,2,4.894107,52.363363
1055,375000,57,3,4.850695,52.383963
1093,775000,126,5,4.932925,52.358206
1063,375000,78,3,4.814789,52.382249
1059,4.00E+05,54,3,4.849224,52.350198
1092,3.00E+05,40,2,4.91803,52.357424
1104,375000,104,3,4.983057,52.318698
1104,295000,91,3,4.981371,52.313749
1082,345000,57,2,4.878162,52.325097
1104,260000,71,3,4.967708,52.317064
1107,225000,56,2,4.992412,52.295757
1057,425000,50,2,4.852084,52.366236
1087,475000,90,3,4.996258,52.358696
1068,425000,108,3,4.808883,52.363274
1016,1170000,121,2,4.883377,52.373492
1092,520000,69,3,4.923063,52.35637
1065,350000,68,4,4.829524,52.363328
1103,289500,108,5,4.974531,52.325473
1066,480000,127,5,4.80722,52.344454
1034,325000,84,4,4.917985,52.405783
1068,250000,57,2,4.803968,52.355143
1067,350000,87,3,4.802688,52.382381
1086,6.00E+05,110,4,4.981387,52.360243
1024,350000,87,3,4.954462,52.393215
1074,525000,70,3,4.901743,52.355153
1019,5.00E+05,89,3,4.947119,52.376909
1018,7.00E+05,106,3,4.922868,52.371793
1106,3.00E+05,90,4,4.984519,52.299712
1064,365000,78,4,4.829607,52.372067
1067,375000,84,4,4.7958,52.38318
1051,425000,74,3,4.878057,52.385387
1017,1320000,230,8,4.894964,52.358917
1035,469000,109,3,4.891949,52.423805
1051,270000,38,1,4.870659,52.383656
1017,325000,44,3,4.889549,52.361331
1036,650000,113,6,4.903976,52.407476
1018,550000,90,3,4.930426,52.371197
1097,1150000,163,7,4.921657,52.351422
1051,385000,50,2,4.870167,52.384355
1056,325000,43,2,4.859637,52.375563
1064,750000,155,6,4.832889,52.367757
1021,465000,73,4,4.918062,52.387403
1060,3.00E+05,67,3,4.783188,52.350225
1024,250000,84,3,4.952138,52.400571
1058,5.00E+05,64,3,4.854288,52.359955
1053,875000,108,4,4.655161,52.376552
1058,399000,62,2,4.853523,52.356392
1019,925000,145,4,4.933939,52.374739
1079,875000,123,4,4.894206,52.33822
1079,930000,123,4,4.894206,52.33822
1018,725000,101,4,4.931075,52.369038
1055,575000,119,3,4.845779,52.37755
1087,6.00E+05,132,4,5.00033,52.35282
1060,6.00E+05,146,7,4.784642,52.346094
1104,265000,72,3,4.9684,52.317292
1052,350000,46,3,4.873501,52.377961
1064,340000,78,3,4.829629,52.372955
1061,350000,58,3,4.84314,52.378753
1091,430000,56,2,4.917761,52.356215
1036,975000,180,5,4.900779,52.408945
1079,5.00E+05,84,3,4.913659,52.343221
1053,850000,123,7,4.869096,52.366755
1018,645000,89,3,4.921169,52.364353
1074,425000,49,3,4.901398,52.355807
1072,1090000,149,3,4.890751,52.349678
1086,895000,184,6,4.986808,52.364679
1034,465000,104,3,4.918343,52.405579
1079,7.00E+05,79,3,4.911378,52.342112
1081,325000,55,2,4.865786,52.328459
1019,695000,107,4,4.934082,52.371077
1074,825000,97,4,4.902906,52.35753
1068,280000,64,3,4.811771,52.355712
1068,550000,160,6,4.811827,52.353554
1024,325000,77,3,4.945778,52.393622
1033,325000,77,3,4.899777,52.40313
1107,275000,111,5,4.970438,52.294244
1055,340000,46,2,4.856593,52.380808
1057,550000,72,3,4.85255,52.367739
1019,5.00E+05,84,3,4.947231,52.377422
1033,750000,111,4,4.892182,52.401519
1061,499000,92,4,4.837996,52.37746
1016,1750000,212,4,4.883097,52.369689
1053,1250000,202,6,4.866447,52.367118
1055,319000,50,2,4.847496,52.378843
1071,1100000,147,4,4.878689,52.353303
1079,325000,47,2,4.909223,52.34615
1066,475000,109,4,4.801543,52.344264
1068,3.00E+05,88,2,4.807168,52.361653
1025,265000,66,2,4.930826,52.398984
1069,399500,99,3,4.792451,52.354762
1060,725000,173,7,4.773171,52.349954
1055,625000,95,5,4.855072,52.377799
1017,399000,40,2,4.886109,52.363042
1055,445000,66,3,4.852373,52.377544
1087,550000,145,3,5.000011,52.352324
1058,675000,84,4,4.855835,52.360699
1082,325000,84,3,4.877949,52.334686
1055,6.00E+05,82,4,4.852076,52.381479
1058,375000,57,3,4.852248,52.361159
1079,575000,82,4,4.906854,52.341296
1064,475000,79,3,4.829591,52.372067
1091,5.00E+05,62,3,4.914296,52.358996
1102,275000,94,4,4.95696,52.311632
1075,1775000,177,9,4.865595,52.353408
1054,525000,63,3,4.865952,52.361768
1091,4.00E+05,52,2,4.908012,52.356419
1083,375000,80,4,4.882011,52.330956
1019,550000,87,2,4.942751,52.373127
1092,525000,76,2,4.922699,52.355605
1015,760000,90,4,4.886718,52.380687
1032,7.00E+05,123,6,4.91506,52.393449
1054,675000,75,3,4.876322,52.365121
1102,325000,97,4,4.955054,52.317674
1098,459000,75,3,4.94178,52.357269
1053,350000,46,2,4.863132,52.36504
1094,325000,43,2,4.934601,52.36596
1068,275000,81,3,4.810853,52.354008
1025,275000,57,2,4.937616,52.397321
1062,7.00E+05,140,5,4.837658,52.350226
1106,209000,59,2,4.975309,52.296957
1017,1325000,150,5,4.896605,52.359176
1017,850000,120,3,4.89518,52.361947
1087,485000,105,4,5.000345,52.352811
1078,385000,53,2,4.901411,52.347889
1036,650000,125,5,4.901879,52.406292
1058,450000,64,3,4.850607,52.352379
1087,450000,87,3,4.990866,52.360697
1059,6.00E+05,90,3,4.844731,52.349856
1069,245000,71,3,4.787319,52.359244
1051,5.00E+05,70,3,4.869195,52.380747
1053,6.00E+05,80,2,4.865609,52.365991
1079,595000,73,3,4.910454,52.34221
1072,995000,127,4,4.889858,52.357323
1109,475000,118,5,5.015376,52.305296
1103,275000,78,3,4.972526,52.321871
1024,285000,85,4,4.950198,52.39832
1057,585000,75,3,4.853451,52.364831
1067,310000,75,3,4.790104,52.381911
1082,495000,81,4,4.870861,52.332238
1054,475000,54,2,4.863781,52.361606
1055,425000,57,3,4.849341,52.384118
1069,875000,161,4,4.777448,52.350596
1054,560000,73,3,4.857873,52.360923
1054,1150000,144,6,4.875312,52.363634
1053,1250000,149,6,4.868023,52.370359
1018,275000,40,2,4.921147,52.373395
1060,575000,145,5,4.78754,52.348859
1054,1025000,125,3,4.860922,52.358834
1055,340000,47,2,4.856817,52.380458
1058,550000,125,5,4.84351,52.363743
1051,4.00E+05,59,2,4.871359,52.378707
1062,235000,33,2,4.836971,52.362788
1034,335000,93,4,4.92221,52.409314
1061,975000,221,5,4.838629,52.37491
1019,450000,64,2,4.930926,52.377783
1093,350000,53,2,4.930264,52.363679
1013,725000,118,4,4.87252,52.392217
1053,340000,44,3,4.864588,52.365393
1018,1175000,164,2,4.92035,52.366858
1025,325000,92,4,4.936866,52.394487
1028,7.00E+05,103,4,4.99474,52.392365
1068,295000,82,3,4.808181,52.357419
1074,335000,44,2,4.904467,52.35165
1053,3.00E+05,38,2,4.86116,52.363527
1093,6.00E+05,83,4,4.925816,52.363614
1075,675000,72,3,4.860601,52.352451
1057,495000,80,4,4.859791,52.371205
1057,539000,75,3,4.860239,52.370632
1079,499000,75,3,4.902863,52.342664
1054,475000,67,3,4.860847,52.358995
1093,8.00E+05,130,5,4.932943,52.358329
1077,1625000,257,9,4.869761,52.348636
1069,315000,99,4,4.78504,52.354616
1060,450000,111,4,4.785975,52.347341
1054,495000,54,3,4.86547,52.3628
1077,550000,78,3,4.877208,52.342458
1087,4.00E+05,89,3,5.012134,52.349139
1058,525000,70,3,4.849656,52.353346
1102,350000,98,4,4.952422,52.316855
1092,620000,86,4,4.92068,52.354968
1034,375000,89,5,4.915413,52.40997
1023,550000,114,6,4.942035,52.393266
1053,1095000,204,6,4.876183,52.366972
1021,485000,93,5,4.918067,52.385525
1067,385000,87,3,4.793277,52.381864
1023,1575000,138,4,4.961457,52.38257
1083,249000,33,2,4.883913,52.327585
1064,350000,74,4,4.832383,52.373012
1069,6.00E+05,136,4,4.802149,52.350604
1082,425000,79,3,4.874705,52.332273
1067,345000,69,4,4.795948,52.374337
1011,640000,58,3,4.907085,52.372907
1011,645000,58,3,4.907085,52.372907
1067,350000,92,3,4.802618,52.378567
1094,350000,65,2,4.935377,52.358917
1060,475000,115,5,4.776722,52.351033
1012,4.00E+05,46,1,4.892211,52.376702
1087,450000,96,3,4.993345,52.355933
1033,450000,59,2,4.891511,52.401727
1091,375000,54,3,4.919118,52.352814
1053,485000,69,3,4.866392,52.365536
1071,1100000,136,3,4.872591,52.356414
1025,1.00E+06,220,7,4.948314,52.400138
1076,375000,43,2,4.860276,52.347686
1060,525000,138,5,4.774348,52.350823
1019,1325000,162,4,4.954375528,52.3679823
1034,335000,92,4,4.921825,52.409609
1091,4.00E+05,58,3,4.920732,52.352847
1077,835000,124,3,4.876154,52.347558
1077,885000,136,3,4.876154,52.347558
1078,635000,81,3,4.894509,52.343016
1054,1120000,129,5,4.860337,52.359856
1057,375000,52,3,4.852329,52.365365
1067,4.00E+05,107,6,4.79581,52.376916
1092,285000,41,2,4.922721,52.354922
1104,425137,92,4,4.98896,52.321172
1109,549001,107,4,5.016522,52.305075
1066,575000,134,6,4.812092,52.348999
1063,5.00E+05,102,5,4.823859,52.383847
1102,179000,29,2,4.945048,52.325695
1015,790000,90,3,4.884941,52.378055
1057,350000,50,3,4.853093,52.368955
1068,425000,110,4,4.804152,52.364802
1064,6.00E+05,135,6,4.820624,52.373918
1077,1099000,191,6,4.874975,52.346978
1069,525000,112,5,4.79733,52.356512
1025,329000,74,4,4.928532,52.397672
1064,445000,101,3,4.83075,52.365104
1069,950000,174,6,4.794378,52.347806
1016,8.00E+05,107,3,4.879459,52.373268
1102,350000,144,6,4.955915,52.310514
1035,875000,135,5,4.897048,52.417382
1056,575000,78,3,4.858844,52.373106
1017,7.00E+05,76,4,4.895174,52.363763
1034,325000,80,4,4.909069,52.405451
1098,750000,102,5,4.937898,52.356428
1057,5.00E+05,73,3,4.853124,52.367607
1097,3.00E+05,48,2,4.949415,52.340644
1064,675000,157,5,4.831079,52.368144
1075,345000,34,2,4.855832,52.352385
1024,275000,64,3,4.94649,52.39437
1063,245000,45,2,4.834844,52.378255
1075,385000,37,2,4.855832,52.352385
1075,375000,35,2,4.855832,52.352385
1035,3.00E+05,68,3,4.898877,52.419502
1058,1200000,171,4,4.846606,52.356702
1069,499000,127,5,4.796462,52.352238
1102,325000,98,3,4.956816,52.31741
1054,480000,60,2,4.85983,52.361813
1059,475000,62,4,4.846923,52.347545
1072,685000,78,3,4.890731,52.351449
1016,550000,57,2,4.884292,52.370557
1060,550000,137,5,4.787554,52.348895
1075,5850000,480,14,4.863729,52.354874
1064,330000,78,3,4.829637,52.372964
1055,375000,59,3,4.852415,52.380133
1019,575000,107,3,4.935891,52.37338
1015,825000,98,4,4.890594,52.376848
1034,515000,119,4,4.918363,52.403385
1102,225000,65,2,4.958115,52.309662
1075,1050000,119,5,4.860818,52.352776
1055,425000,80,4,4.846389,52.379296
1033,375000,63,5,4.890785,52.41492
1052,1150000,145,5,4.87195,52.372454
1055,425000,71,4,4.852168,52.378747
1017,1450000,124,5,4.896425,52.360892
1018,850000,90,3,4.910051,52.361418
1011,750000,114,4,4.902566,52.368503
1035,450000,107,4,4.892525,52.423619
1102,235000,58,2,4.947669,52.325253
1011,6.00E+05,83,2,4.908391,52.371373
1068,315000,81,3,4.807981,52.357437
1054,1250000,157,4,4.876006,52.362028
1081,699000,98,3,4.861985,52.322384
1067,440000,115,6,4.802015,52.380829
1032,450000,74,2,4.904136,52.399475
1024,3.00E+05,78,4,4.954641,52.394724
1014,475000,61,3,4.881701,52.393538
1092,399000,66,4,4.925631,52.356012
1077,790000,109,5,4.867865,52.345104
1057,650000,77,3,4.863394,52.36954
1068,375000,96,4,4.806801,52.352919
1052,365000,47,2,4.874125,52.374854
1069,210000,47,2,4.797085,52.353976
1068,269000,55,2,4.808183,52.361977
1058,570000,96,4,4.843132,52.360049
1012,785000,112,3,4.899032,52.376065
1019,5.00E+05,93,3,4.938017,52.373868
1079,4.00E+05,53,3,4.907895,52.341373
1058,425000,55,3,4.846708,52.353775
1059,7.00E+05,106,3,4.844918,52.349996
1064,350000,75,3,4.832782,52.373345
1076,360000,42,3,4.86139,52.347835
1011,512000,64,2,4.902531,52.37572
1074,375000,45,2,4.90341,52.354369
1019,750000,118,4,4.930455,52.377871
1103,237000,53,3,4.974395,52.324322
1072,375000,45,2,4.888718,52.351656
1011,560000,80,2,4.898846,52.370303
1063,250000,48,3,4.823887,52.38063
1019,650000,87,4,4.954375528,52.3679823
1019,1450000,273,5,4.942112,52.376819
1033,275000,40,2,4.898299,52.40928
1058,550000,81,5,4.850743,52.359283
1069,349000,82,4,4.797681,52.354375
1067,350000,92,3,4.802582,52.379007
1013,575000,80,3,4.893865,52.379863
1017,1.00E+06,120,3,4.887462,52.368027
1025,398000,102,3,4.93924,52.396527
1107,280000,82,3,4.968223,52.291672
1061,350000,58,3,4.841738,52.378934
1013,5.00E+05,76,3,4.878134,52.395229
1051,615000,95,4,4.8722593,52.379951
1086,575000,128,4,4.909819096,52.36865325
1013,275000,31,2,4.888065,52.381025
1051,644900,92,3,4.873124,52.383918
1054,199000,21,1,4.862992,52.362176
1075,685000,80,3,4.856566,52.353584
1016,1300000,139,5,4.879252,52.370823
1095,540000,94,3,4.969506,52.372583
1098,475000,96,4,4.952066,52.344595
1069,245000,61,3,4.788481,52.357145
1031,1250000,180,9,4.914882,52.388128
1011,695000,96,3,4.902359,52.37536
1087,348738,79,4,5.0165552,52.3505131
1087,348738,79,4,5.0165552,52.3505131
1075,1698000,205,5,4.860637,52.351894
1069,275000,84,4,4.790574,52.356342
1063,375000,118,4,4.82399,52.380639
1066,675000,129,4,4.819965,52.343878
1031,849000,111,5,4.91369,52.38816
1061,539000,108,4,4.838534,52.379072
1016,525000,59,4,4.880977,52.368961
1011,1500000,194,9,4.902614,52.374848
1097,295000,41,1,4.927757,52.354173
1097,750000,117,1,4.927757,52.354173
1033,350000,72,3,4.890612,52.414587
1058,350000,51,3,4.856935,52.363256
1095,599000,113,4,4.965731,52.375268
1068,3.00E+05,79,4,4.810678,52.355493
